              precision    recall  f1-score   support

           1       0.63      0.56      0.59       400
           2       0.57      0.41      0.47       400
           3       0.56      0.49      0.52       400
           4       0.75      0.89      0.81       400
           5       0.63      0.82      0.71       400
           6       0.51      0.46      0.48       400
           7       0.81      0.92      0.86       400

    accuracy                           0.65      2800
   macro avg       0.64      0.65      0.64      2800
weighted avg       0.64      0.65      0.64      2800
