              precision    recall  f1-score   support

           1       0.76      0.75      0.75     42368
           2       0.78      0.83      0.80     56661
           3       0.76      0.82      0.79      7151
           4       0.78      0.71      0.74       549
           5       0.74      0.23      0.36      1899
           6       0.65      0.46      0.54      3473
           7       0.87      0.70      0.78      4102

    accuracy                           0.77    116203
   macro avg       0.76      0.64      0.68    116203
weighted avg       0.77      0.77      0.77    116203
